function y = polynomium(x)

y = 69644.67557947831*x.^6 - 52734.29957152258*x.^5 + ...
    15476.47219255455*x.^4 - 2224.52510826537*x.^3 + ...
    164.99539390937*x.^2 - 6.82027979646*x + 0.98064938393;